"V1" "V2" "V3" "V4" "V5" "V6" "V7" "V8" "V9" "V10" "V11" "V12"
"321" 0 0 0 0 0 0 0 0 0 0 0 0
"380" 0 0 0 0 0 0 0 0 0 0 0 0
"413" 0 0 0 0 0 0 0 0 0 0 0 0
"435" 0 0 0 0 0 0 0 0 0 0 0 0
"436" 0 0 0 0 0 0 0 0 0 0 0 0
"645" 0 0 0 0 0 0 0 0 0 0 0 0
"665" 0 0 0 0 0 0 0 0 0 0 0 0
"682" 0 0 0 0 0 0 0 0 0 0 0 0
"709" 0 0 0 0 0 0 0 0 0 0 0 0
"715" 0 0 0 0 0 0 0 0 0 0 0 0
"720" 0 0 0 0 0 0 0 0 0 0 0 0
"737" 0 0 0 0 0 0 0 0 0 0 0 0
"738" 0 0 0 0 0 0 0 0 0 0 0 0
"752" 0 0 0 0 0 0 0 0 0 0 0 0
"762" 0 0 0 0 0 0 0 0 0 0 0 0
"777" 0 0 0 0 0 0 0 0 0 0 0 0
"952" 0 0 0 0 0 0 0 0 0 0 0 0
"962" 0 0 0 0 0 0 0 0 0 0 0 0
"973" 0 0 0 0 0 0 0 0 0 0 0 0
"984" 0 0 0 0 0 0 0 0 0 0 0 0
"997" 0 0 0 0 0 0 0 0 0 0 0 0
"1010" 0 0 0 0 0 0 0 0 0 0 0 0
"1012" 0 0 0 0 0 0 0 0 0 0 0 0
"1025" 0 0 0 0 0 0 0 0 0 0 0 0
"1026" 0 0 0 0 0 0 0 0 0 0 0 0
"1027" 0 0 0 0 0 0 0 0 0 0 0 0
"1038" 0 0 0 0 0 0 0 0 0 0 0 0
"1039" 0 0 0 0 0 0 0 0 0 0 0 0
"1053" 0 0 0 0 0 0 0 0 0 0 0 0
"1054" 0 0 0 0 0 0 0 0 0 0 0 0
"1055" 0 0 0 0 0 0 0 0 0 0 0 0
"1067" 0 0 0 0 0 0 0 0 0 0 0 0
"1070" 0 0 0 0 0 0 0 0 0 0 0 0
"1082" 0 0 0 0 0 0 0 0 0 0 0 0
"1083" 0 0 0 0 0 0 0 0 0 0 0 0
"1084" 0 0 0 0 0 0 0 0 0 0 0 0
"1099" 0 0 0 0 0 0 0 0 0 0 0 0
"1259" 0 0 0 0 0 0 0 0 0 0 0 0
"1333" 0 0 0 0 0 0 0 0 0 0 0 0
"2361" 0 0 0 0 0 0 0 0 0 0 0 0
"2455" 0 0 0 0 0 0 0 0 0 0 0 0
"2500" 0 0 0 0 0 0 0 0 0 0 0 0
"2616" 0 0 0 0 0 0 0 0 0 0 0 0
"2632" 0 0 0 0 0 0 0 0 0 0 0 0
"2641" 0 0 0 0 0 0 0 0 0 0 0 0
"2648" 0 0 0 0 0 0 0 0 0 0 0 0
"2658" 0 0 0 0 0 0 0 0 0 0 0 0
"2667" 0 0 0 0 0 0 0 0 0 0 0 0
"2670" 0 0 0 0 0 0 0 0 0 0 0 0
"2717" 0 0 0 0 0 0 0 0 0 0 0 0
"2782" 0 0 0 0 0 0 0 0 0 0 0 0
"2795" 0 0 0 0 0 0 0 0 0 0 0 0
"2801" 0 0 0 0 0 0 0 0 0 0 0 0
"2802" NA NA NA NA NA NA NA NA NA NA NA NA
"2809" 0 0 0 0 0 0 0 0 0 0 0 0
"2817" NA NA NA NA NA NA NA NA NA NA NA NA
"2825" NA NA NA NA NA NA NA NA NA NA NA NA
"2833" NA NA NA NA NA NA NA NA NA NA NA NA
"2893" NA NA NA NA NA NA NA NA NA NA NA NA
"3025" NA NA NA NA NA NA NA NA NA NA NA NA
"3058" 0 0 0 0 0 0 0 0 0 0 0 0
"3086" 0 0 0 0 0 0 0 0 0 0 0 0
"3100" 0 0 0 0 0 0 0 0 0 0 0 0
"3114" 0 0 0 0 0 0 0 0 0 0 0 0
"3115" 0 0 0 0 0 0 0 0 0 0 0 0
"3463" 0 0 0 0 0 0 0 0 0 0 0 0
"3492" 0 0 0 0 0 0 0 0 0 0 0 0
"4131" 0 0 0 0 0 0 0 0 0 0 0 0
"4166" 0 0 0 0 0 0 0 0 0 0 0 0
"4203" 0 0 0 0 0 0 0 0 0 0 0 0
"4233" 0 0 0 0 0 0 0 0 0 0 0 0
"4271" 0 0 0 0 0 0 0 0 0 0 0 0
"4303" 0 0 0 0 0 0 0 0 0 0 0 0
"4336" 0 0 0 0 0 0 0 0 0 0 0 0
"4338" 0 0 0 0 0 0 0 0 0 0 0 0
"4351" NA NA NA NA NA NA NA NA NA NA NA NA
"4370" 0 0 0 0 0 0 0 0 0 0 0 0
"4372" 0 0 0 0 0 0 0 0 0 0 0 0
"4374" 0 0 0 0 0 0 0 0 0 0 0 0
"4384" 0 0 0 0 0 0 0 0 0 0 0 0
"4385" NA NA NA NA NA NA NA NA NA NA NA NA
"4404" 0 0 0 0 0 0 0 0 0 0 0 0
"4405" 0 0 0 0 0 0 0 0 0 0 0 0
"4415" 0 0 0 0 0 0 0 0 0 0 0 0
"4419" NA NA NA NA NA NA NA NA NA NA NA NA
"4437" 0 0 0 0 0 0 0 0 0 0 0 0
"4452" NA NA NA NA NA NA NA NA NA NA NA NA
"4453" NA NA NA NA NA NA NA NA NA NA NA NA
"4468" 0 0 0 0 0 0 0 0 0 0 0 0
"4481" 0 0 0 0 0 0 0 0 0 0 0 0
"4485" NA NA NA NA NA NA NA NA NA NA NA NA
"4503" 0 0 0 0 0 0 0 0 0 0 0 0
"4504" 0 0 0 0 0 0 0 0 0 0 0 0
"4517" NA NA NA NA NA NA NA NA NA NA NA NA
"4548" NA NA NA NA NA NA NA NA NA NA NA NA
"4549" 0 0 0 0 0 0 0 0 0 0 0 0
"4581" 0 0 0 0 0 0 0 0 0 0 0 0
"4600" 0 0 0 0 0 0 0 0 0 0 0 0
"4601" 0 0 0 0 0 0 0 0 0 0 0 0
"4629" 0 0 0 0 0 0 0 0 0 0 0 0
"4631" 0 0 0 0 0 0 0 0 0 0 0 0
"4632" 0 0 0 0 0 0 0 0 0 0 0 0
"4661" 0 0 0 0 0 0 0 0 0 0 0 0
"4662" 0 0 0 0 0 0 0 0 0 0 0 0
"4663" 0 0 0 0 0 0 0 0 0 0 0 0
"4694" 0 0 0 0 0 0 0 0 0 0 0 0
"4695" 0 0 0 0 0 0 0 0 0 0 0 0
"4784" 0 0 0 0 0 0 0 0 0 0 0 0
"4853" 0 0 0 0 0 0 0 0 0 0 0 0
"4854" 0 0 0 0 0 0 0 0 0 0 0 0
"4860" NA NA NA NA NA NA NA NA NA NA NA NA
"4874" 0 0 0 0 0 0 0 0 0 0 0 0
"4881" 0 0 0 0 0 0 0 0 0 0 0 0
"4894" 0 0 0 0 0 0 0 0 0 0 0 0
"4899" 0 0 0 0 0 0 0 0 0 0 0 0
"4912" 0 0 0 0 0 0 0 0 0 0 0 0
"4913" 0 0 0 0 0 0 0 0 0 0 0 0
"4918" 0 0 0 0 0 0 0 0 0 0 0 0
"4932" 0 0 0 0 0 0 0 0 0 0 0 0
"4935" 0 0 0 0 0 0 0 0 0 0 0 0
"4936" NA NA NA NA NA NA NA NA NA NA NA NA
"4950" 0 0 0 0 0 0 0 0 0 0 0 0
"4953" NA NA NA NA NA NA NA NA NA NA NA NA
"4954" 0 0 0 0 0 0 0 0 0 0 0 0
"4955" NA NA NA NA NA NA NA NA NA NA NA NA
"4968" 0 0 0 0 0 0 0 0 0 0 0 0
"4971" 0 0 0 0 0 0 0 0 0 0 0 0
"4973" 0 0 0 0 0 0 0 0 0 0 0 0
"4975" 0 0 0 0 0 0 0 0 0 0 0 0
"4984" 0 0 0 0 0 0 0 0 0 0 0 0
"4986" 0 0 0 0 0 0 0 0 0 0 0 0
"4989" 0 0 0 0 0 0 0 0 0 0 0 0
"4990" 0 0 0 0 0 0 0 0 0 0 0 0
"5006" 0 0 0 0 0 0 0 0 0 0 0 0
"5007" 0 0 0 0 0 0 0 0 0 0 0 0
"5009" 0 0 0 0 0 0 0 0 0 0 0 0
"5023" 0 0 0 0 0 0 0 0 0 0 0 0
"5024" 0 0 0 0 0 0 0 0 0 0 0 0
"5039" 0 0 0 0 0 0 0 0 0 0 0 0
"5040" 0 0 0 0 0 0 0 0 0 0 0 0
"5042" 0 0 0 0 0 0 0 0 0 0 0 0
"5056" 0 0 0 0 0 0 0 0 0 0 0 0
"5071" 0 0 0 0 0 0 0 0 0 0 0 0
"5072" 0 0 0 0 0 0 0 0 0 0 0 0
"5074" 0 0 0 0 0 0 0 0 0 0 0 0
"5085" 0 0 0 0 0 0 0 0 0 0 0 0
"5095" 0 0 0 0 0 0 0 0 0 0 0 0
"5104" 0 0 0 0 0 0 0 0 0 0 0 0
"5108" 0 0 0 0 0 0 0 0 0 0 0 0
"5109" 0 0 0 0 0 0 0 0 0 0 0 0
"5117" 0 0 0 0 0 0 0 0 0 0 0 0
"5119" 0 0 0 0 0 0 0 0 0 0 0 0
"5120" 0 0 0 0 0 0 0 0 0 0 0 0
"5121" 0 0 0 0 0 0 0 0 0 0 0 0
"5128" 0 0 0 0 0 0 0 0 0 0 0 0
"5133" 0 0 0 0 0 0 0 0 0 0 0 0
"5143" 0 0 0 0 0 0 0 0 0 0 0 0
"5144" 0 0 0 0 0 0 0 0 0 0 0 0
"5149" 0 0 0 0 0 0 0 0 0 0 0 0
"5159" 0 0 0 0 0 0 0 0 0 0 0 0
"5163" NA NA NA NA NA NA NA NA NA NA NA NA
"5166" 0 0 0 0 0 0 0 0 0 0 0 0
"5174" 0 0 0 0 0 0 0 0 0 0 0 0
"5176" 0 0 0 0 0 0 0 0 0 0 0 0
"5180" 0 0 0 0 0 0 0 0 0 0 0 0
"5181" 0 0 0 0 0 0 0 0 0 0 0 0
"5184" 0 0 0 0 0 0 0 0 0 0 0 0
"5185" 0 0 0 0 0 0 0 0 0 0 0 0
"5195" 0 0 0 0 0 0 0 0 0 0 0 0
"5201" 0 0 0 0 0 0 0 0 0 0 0 0
"5214" 0 0 0 0 0 0 0 0 0 0 0 0
"5215" 0 0 0 0 0 0 0 0 0 0 0 0
"5222" 0 0 0 0 0 0 0 0 0 0 0 0
"5223" 0 0 0 0 0 0 0 0 0 0 0 0
"5224" 0 0 0 0 0 0 0 0 0 0 0 0
"5225" 0 0 0 0 0 0 0 0 0 0 0 0
"5230" 0 0 0 0 0 0 0 0 0 0 0 0
"5239" 0 0 0 0 0 0 0 0 0 0 0 0
"5242" 0 0 0 0 0 0 0 0 0 0 0 0
"5246" 0 0 0 0 0 0 0 0 0 0 0 0
"5247" 0 0 0 0 0 0 0 0 0 0 0 0
"5248" 0 0 0 0 0 0 0 0 0 0 0 0
"5255" 0 0 0 0 0 0 0 0 0 0 0 0
"5258" 0 0 0 0 0 0 0 0 0 0 0 0
"5263" 0 0 0 0 0 0 0 0 0 0 0 0
"5271" 0 0 0 0 0 0 0 0 0 0 0 0
"5272" 0 0 0 0 0 0 0 0 0 0 0 0
"5280" 0 0 0 0 0 0 0 0 0 0 0 0
"5284" 0 0 0 0 0 0 0 0 0 0 0 0
"5288" 0 0 0 0 0 0 0 0 0 0 0 0
"5289" 0 0 0 0 0 0 0 0 0 0 0 0
"5290" 0 0 0 0 0 0 0 0 0 0 0 0
"5293" 0 0 0 0 0 0 0 0 0 0 0 0
"5297" 0 0 0 0 0 0 0 0 0 0 0 0
"5302" 0 0 0 0 0 0 0 0 0 0 0 0
"5305" NA NA NA NA NA NA NA NA NA NA NA NA
"5307" 0 0 0 0 0 0 0 0 0 0 0 0
"5311" 0 0 0 0 0 0 0 0 0 0 0 0
"5316" 0 0 0 0 0 0 0 0 0 0 0 0
"5323" 0 0 0 0 0 0 0 0 0 0 0 0
"5329" 0 0 0 0 0 0 0 0 0 0 0 0
"5332" 0 0 0 0 0 0 0 0 0 0 0 0
"5343" 0 0 0 0 0 0 0 0 0 0 0 0
"5346" 0 0 0 0 0 0 0 0 0 0 0 0
"5350" 0 0 0 0 0 0 0 0 0 0 0 0
"5355" 0 0 0 0 0 0 0 0 0 0 0 0
"5368" 0 0 0 0 0 0 0 0 0 0 0 0
"5369" 0 0 0 0 0 0 0 0 0 0 0 0
"5375" 0 0 0 0 0 0 0 0 0 0 0 0
"5381" 0 0 0 0 0 0 0 0 0 0 0 0
"5384" 0 0 0 0 0 0 0 0 0 0 0 0
"5393" 0 0 0 0 0 0 0 0 0 0 0 0
"5394" 0 0 0 0 0 0 0 0 0 0 0 0
"5407" 0 0 0 0 0 0 0 0 0 0 0 0
"5411" NA NA NA NA NA NA NA NA NA NA NA NA
"5414" 0 0 0 0 0 0 0 0 0 0 0 0
"5416" 0 0 0 0 0 0 0 0 0 0 0 0
"5428" 0 0 0 0 0 0 0 0 0 0 0 0
"5431" 0 0 0 0 0 0 0 0 0 0 0 0
"5433" 0 0 0 0 0 0 0 0 0 0 0 0
"5449" 0 0 0 0 0 0 0 0 0 0 0 0
"5458" 0 0 0 0 0 0 0 0 0 0 0 0
"5461" 0 0 0 0 0 0 0 0 0 0 0 0
"5472" 0 0 0 0 0 0 0 0 0 0 0 0
"5473" 0 0 0 0 0 0 0 0 0 0 0 0
"5480" 0 0 0 0 0 0 0 0 0 0 0 0
"5493" 0 0 0 0 0 0 0 0 0 0 0 0
"5498" NA NA NA NA NA NA NA NA NA NA NA NA
"5499" 0 0 0 0 0 0 0 0 0 0 0 0
"5501" 0 0 0 0 0 0 0 0 0 0 0 0
"5502" NA NA NA NA NA NA NA NA NA NA NA NA
"5503" 0 0 0 0 0 0 0 0 0 0 0 0
"5504" 0 0 0 0 0 0 0 0 0 0 0 0
"5505" 0 0 0 0 0 0 0 0 0 0 0 0
"5528" 0 0 0 0 0 0 0 0 0 0 0 0
"5533" 0 0 0 0 0 0 0 0 0 0 0 0
"5538" 0 0 0 0 0 0 0 0 0 0 0 0
"5540" 0 0 0 0 0 0 0 0 0 0 0 0
"5567" 0 0 0 0 0 0 0 0 0 0 0 0
"5571" 0 0 0 0 0 0 0 0 0 0 0 0
"5572" 0 0 0 0 0 0 0 0 0 0 0 0
"5574" 0 0 0 0 0 0 0 0 0 0 0 0
"5594" 0 0 0 0 0 0 0 0 0 0 0 0
"5595" 0 0 0 0 0 0 0 0 0 0 0 0
"5596" 0 0 0 0 0 0 0 0 0 0 0 0
"5600" 0 0 0 0 0 0 0 0 0 0 0 0
"5604" 0 0 0 0 0 0 0 0 0 0 0 0
"5606" 0 0 0 0 0 0 0 0 0 0 0 0
"5607" 0 0 0 0 0 0 0 0 0 0 0 0
"5608" 0 0 0 0 0 0 0 0 0 0 0 0
"5629" 0 0 0 0 0 0 0 0 0 0 0 0
"5630" 0 0 0 0 0 0 0 0 0 0 0 0
"5636" 0 0 0 0 0 0 0 0 0 0 0 0
"5639" 0 0 0 0 0 0 0 0 0 0 0 0
"5640" 0 0 0 0 0 0 0 0 0 0 0 0
"5641" 0 0 0 0 0 0 0 0 0 0 0 0
"5642" 0 0 0 0 0 0 0 0 0 0 0 0
"5643" 0 0 0 0 0 0 0 0 0 0 0 0
"5644" 0 0 0 0 0 0 0 0 0 0 0 0
"5666" 0 0 0 0 0 0 0 0 0 0 0 0
"5674" 0 0 0 0 0 0 0 0 0 0 0 0
"5675" 0 0 0 0 0 0 0 0 0 0 0 0
"5677" 0 0 0 0 0 0 0 0 0 0 0 0
"5680" 0 0 0 0 0 0 0 0 0 0 0 0
"5681" 0 0 0 0 0 0 0 0 0 0 0 0
"5682" 0 0 0 0 0 0 0 0 0 0 0 0
"5713" 0 0 0 0 0 0 0 0 0 0 0 0
"5714" 0 0 0 0 0 0 0 0 0 0 0 0
"5717" 0 0 0 0 0 0 0 0 0 0 0 0
"5718" 0 0 0 0 0 0 0 0 0 0 0 0
"5721" 0 0 0 0 0 0 0 0 0 0 0 0
"5722" 0 0 0 0 0 0 0 0 0 0 0 0
"5723" 0 0 0 0 0 0 0 0 0 0 0 0
"5747" 0 0 0 0 0 0 0 0 0 0 0 0
"5755" 0 0 0 0 0 0 0 0 0 0 0 0
"5759" 0 0 0 0 0 0 0 0 0 0 0 0
"5764" 0 0 0 0 0 0 0 0 0 0 0 0
"5787" 0 0 0 0 0 0 0 0 0 0 0 0
"5788" 0 0 0 0 0 0 0 0 0 0 0 0
"5789" 0 0 0 0 0 0 0 0 0 0 0 0
"5790" 0 0 0 0 0 0 0 0 0 0 0 0
"5799" 0 0 0 0 0 0 0 0 0 0 0 0
"5800" 0 0 0 0 0 0 0 0 0 0 0 0
"5802" 0 0 0 0 0 0 0 0 0 0 0 0
"5809" 0 0 0 0 0 0 0 0 0 0 0 0
"5834" 0 0 0 0 0 0 0 0 0 0 0 0
"5841" 0 0 0 0 0 0 0 0 0 0 0 0
"5842" 0 0 0 0 0 0 0 0 0 0 0 0
"5843" 0 0 0 0 0 0 0 0 0 0 0 0
"5844" 0 0 0 0 0 0 0 0 0 0 0 0
"5845" 0 0 0 0 0 0 0 0 0 0 0 0
"5846" 0 0 0 0 0 0 0 0 0 0 0 0
"5847" 0 0 0 0 0 0 0 0 0 0 0 0
"5854" 0 0 0 0 0 0 0 0 0 0 0 0
"5855" 0 0 0 0 0 0 0 0 0 0 0 0
"5889" 0 0 0 0 0 0 0 0 0 0 0 0
"5890" 0 0 0 0 0 0 0 0 0 0 0 0
"5891" 0 0 0 0 0 0 0 0 0 0 0 0
"5892" 0 0 0 0 0 0 0 0 0 0 0 0
"5894" 0 0 0 0 0 0 0 0 0 0 0 0
"5895" 0 0 0 0 0 0 0 0 0 0 0 0
"5901" 0 0 0 0 0 0 0 0 0 0 0 0
"5928" 0 0 0 0 0 0 0 0 0 0 0 0
"5936" 0 0 0 0 0 0 0 0 0 0 0 0
"5937" 0 0 0 0 0 0 0 0 0 0 0 0
"5938" 0 0 0 0 0 0 0 0 0 0 0 0
"5939" 0 0 0 0 0 0 0 0 0 0 0 0
"5940" 0 0 0 0 0 0 0 0 0 0 0 0
"5941" 0 0 0 0 0 0 0 0 0 0 0 0
"5942" 0 0 0 0 0 0 0 0 0 0 0 0
"5985" 0 0 0 0 0 0 0 0 0 0 0 0
"5986" 0 0 0 0 0 0 0 0 0 0 0 0
"5987" 0 0 0 0 0 0 0 0 0 0 0 0
"5991" 0 0 0 0 0 0 0 0 0 0 0 0
"5993" 0 0 0 0 0 0 0 0 0 0 0 0
"6035" 0 0 0 0 0 0 0 0 0 0 0 0
"6036" 0 0 0 0 0 0 0 0 0 0 0 0
"6037" 0 0 0 0 0 0 0 0 0 0 0 0
"6042" 0 0 0 0 0 0 0 0 0 0 0 0
"6043" 0 0 0 0 0 0 0 0 0 0 0 0
"6044" 0 0 0 0 0 0 0 0 0 0 0 0
"6077" 0 0 0 0 0 0 0 0 0 0 0 0
"6088" NA NA NA NA NA NA NA NA NA NA NA NA
"6089" 0 0 0 0 0 0 0 0 0 0 0 0
"6090" NA NA NA NA NA NA NA NA NA NA NA NA
"6091" NA NA NA NA NA NA NA NA NA NA NA NA
"6094" 0 0 0 0 0 0 0 0 0 0 0 0
"6095" 0 0 0 0 0 0 0 0 0 0 0 0
"6096" 0 0 0 0 0 0 0 0 0 0 0 0
"6097" 0 0 0 0 0 0 0 0 0 0 0 0
"6098" 0 0 0 0 0 0 0 0 0 0 0 0
"6099" 0 0 0 0 0 0 0 0 0 0 0 0
"6104" 0 0 0 0 0 0 0 0 0 0 0 0
"6130" 0 0 0 0 0 0 0 0 0 0 0 0
"6149" 0 0 0 0 0 0 0 0 0 0 0 0
"6150" 0 0 0 0 0 0 0 0 0 0 0 0
"6151" 0 0 0 0 0 0 0 0 0 0 0 0
"6152" 0 0 0 0 0 0 0 0 0 0 0 0
"6153" 0 0 0 0 0 0 0 0 0 0 0 0
"6180" 0 0 0 0 0 0 0 0 0 0 0 0
"6181" 0 0 0 0 0 0 0 0 0 0 0 0
"6182" 0 0 0 0 0 0 0 0 0 0 0 0
"6199" 0 0 0 0 0 0 0 0 0 0 0 0
"6228" 0 0 0 0 0 0 0 0 0 0 0 0
"6229" 0 0 0 0 0 0 0 0 0 0 0 0
"6269" 0 0 0 0 0 0 0 0 0 0 0 0
"6271" 0 0 0 0 0 0 0 0 0 0 0 0
"6314" 0 0 0 0 0 0 0 0 0 0 0 0
"6315" 0 0 0 0 0 0 0 0 0 0 0 0
"6352" 0 0 0 0 0 0 0 0 0 0 0 0
"6399" 0 0 0 0 0 0 0 0 0 0 0 0
"6415" 0 0 0 0 0 0 0 0 0 0 0 0
"6429" 0 0 0 0 0 0 0 0 0 0 0 0
"6442" 0 0 0 0 0 0 0 0 0 0 0 0
"6453" 0 0 0 0 0 0 0 0 0 0 0 0
"6476" 0 0 0 0 0 0 0 0 0 0 0 0
"6482" 0 0 0 0 0 0 0 0 0 0 0 0
"6483" 0 0 0 0 0 0 0 0 0 0 0 0
"6484" 0 0 0 0 0 0 0 0 0 0 0 0
"6494" 0 0 0 0 0 0 0 0 0 0 0 0
"6497" 0 0 0 0 0 0 0 0 0 0 0 0
"6498" 0 0 0 0 0 0 0 0 0 0 0 0
"6509" 0 0 0 0 0 0 0 0 0 0 0 0
"6515" 0 0 0 0 0 0 0 0 0 0 0 0
"6516" 0 0 0 0 0 0 0 0 0 0 0 0
"6517" 0 0 0 0 0 0 0 0 0 0 0 0
"6534" 0 0 0 0 0 0 0 0 0 0 0 0
"6545" 0 0 0 0 0 0 0 0 0 0 0 0
"6546" 0 0 0 0 0 0 0 0 0 0 0 0
"6547" 0 0 0 0 0 0 0 0 0 0 0 0
"6551" 0 0 0 0 0 0 0 0 0 0 0 0
"6575" 0 0 0 0 0 0 0 0 0 0 0 0
"6577" 0 0 0 0 0 0 0 0 0 0 0 0
"6582" 0 0 0 0 0 0 0 0 0 0 0 0
"6597" NA NA NA NA NA NA NA NA NA NA NA NA
"6611" 0 0 0 0 0 0 0 0 0 0 0 0
"6616" 0 0 0 0 0 0 0 0 0 0 0 0
"6617" 0 0 0 0 0 0 0 0 0 0 0 0
"6631" 0 0 0 0 0 0 0 0 0 0 0 0
"6632" 0 0 0 0 0 0 0 0 0 0 0 0
"6649" 0 0 0 0 0 0 0 0 0 0 0 0
"6653" 0 0 0 0 0 0 0 0 0 0 0 0
"6668" 0 0 0 0 0 0 0 0 0 0 0 0
"6705" 0 0 0 0 0 0 0 0 0 0 0 0
"6743" 0 0 0 0 0 0 0 0 0 0 0 0
"6863" 0 0 0 0 0 0 0 0 0 0 0 0
"6939" 0 0 0 0 0 0 0 0 0 0 0 0
"6966" 0 0 0 0 0 0 0 0 0 0 0 0
"6981" 0 0 0 0 0 0 0 0 0 0 0 0
"7056" 0 0 0 0 0 0 0 0 0 0 0 0
"7110" 0 0 0 0 0 0 0 0 0 0 0 0
"7158" 0 0 0 0 0 0 0 0 0 0 0 0
"7320" 0 0 0 0 0 0 0 0 0 0 0 0
"7489" 0 0 0 0 0 0 0 0 0 0 0 0
"7503" 0 0 0 0 0 0 0 0 0 0 0 0
"7571" 0 0 0 0 0 0 0 0 0 0 0 0
"7574" 0 0 0 0 0 0 0 0 0 0 0 0
"7598" 0 0 0 0 0 0 0 0 0 0 0 0
"7668" 0 0 0 0 0 0 0 0 0 0 0 0
"7669" 0 0 0 0 0 0 0 0 0 0 0 0
"7686" 0 0 0 0 0 0 0 0 0 0 0 0
"7687" 0 0 0 0 0 0 0 0 0 0 0 0
"7706" 0 0 0 0 0 0 0 0 0 0 0 0
"7707" 0 0 0 0 0 0 0 0 0 0 0 0
"7726" 0 0 0 0 0 0 0 0 0 0 0 0
"7747" 0 0 0 0 0 0 0 0 0 0 0 0
"7756" 0 0 0 0 0 0 0 0 0 0 0 0
"7766" 0 0 0 0 0 0 0 0 0 0 0 0
"7786" 0 0 0 0 0 0 0 0 0 0 0 0
"7793" 0 0 0 0 0 0 0 0 0 0 0 0
"7822" 0 0 0 0 0 0 0 0 0 0 0 0
"7846" 0 0 0 0 0 0 0 0 0 0 0 0
"7860" 0 0 0 0 0 0 0 0 0 0 0 0
"7861" 0 0 0 0 0 0 0 0 0 0 0 0
"7868" 0 0 0 0 0 0 0 0 0 0 0 0
"7900" 0 0 0 0 0 0 0 0 0 0 0 0
"7920" 0 0 0 0 0 0 0 0 0 0 0 0
"7977" NA NA NA NA NA NA NA NA NA NA NA NA
"7993" 0 0 0 0 0 0 0 0 0 0 0 0
"7994" 0 0 0 0 0 0 0 0 0 0 0 0
"7995" 0 0 0 0 0 0 0 0 0 0 0 0
"8016" 0 0 0 0 0 0 0 0 0 0 0 0
"8033" 0 0 0 0 0 0 0 0 0 0 0 0
"8034" 0 0 0 0 0 0 0 0 0 0 0 0
"8038" 0 0 0 0 0 0 0 0 0 0 0 0
"8039" 0 0 0 0 0 0 0 0 0 0 0 0
"8040" 0 0 0 0 0 0 0 0 0 0 0 0
"8060" NA NA NA NA NA NA NA NA NA NA NA NA
"8079" NA NA NA NA NA NA NA NA NA NA NA NA
"8080" NA NA NA NA NA NA NA NA NA NA NA NA
"8119" 0 0 0 0 0 0 0 0 0 0 0 0
"8123" 0 0 0 0 0 0 0 0 0 0 0 0
"8125" NA NA NA NA NA NA NA NA NA NA NA NA
"8126" NA NA NA NA NA NA NA NA NA NA NA NA
"8127" NA NA NA NA NA NA NA NA NA NA NA NA
"8151" 0 0 0 0 0 0 0 0 0 0 0 0
"8167" 0 0 0 0 0 0 0 0 0 0 0 0
"8175" NA NA NA NA NA NA NA NA NA NA NA NA
"8178" 0 0 0 0 0 0 0 0 0 0 0 0
"8179" 0 0 0 0 0 0 0 0 0 0 0 0
"8181" 0 0 0 0 0 0 0 0 0 0 0 0
"8183" 0 0 0 0 0 0 0 0 0 0 0 0
"8204" 0 0 0 0 0 0 0 0 0 0 0 0
"8215" 0 0 0 0 0 0 0 0 0 0 0 0
"8218" 0 0 0 0 0 0 0 0 0 0 0 0
"8219" 0 0 0 0 0 0 0 0 0 0 0 0
"8226" NA NA NA NA NA NA NA NA NA NA NA NA
"8228" 0 0 0 0 0 0 0 0 0 0 0 0
"8230" 0 0 0 0 0 0 0 0 0 0 0 0
"8231" 0 0 0 0 0 0 0 0 0 0 0 0
"8235" 0 0 0 0 0 0 0 0 0 0 0 0
"8251" NA NA NA NA NA NA NA NA NA NA NA NA
"8263" 0 0 0 0 0 0 0 0 0 0 0 0
"8265" 0 0 0 0 0 0 0 0 0 0 0 0
"8266" 0 0 0 0 0 0 0 0 0 0 0 0
"8275" NA NA NA NA NA NA NA NA NA NA NA NA
"8279" 0 0 0 0 0 0 0 0 0 0 0 0
"8283" 0 0 0 0 0 0 0 0 0 0 0 0
"8286" 0 0 0 0 0 0 0 0 0 0 0 0
"8287" 0 0 0 0 0 0 0 0 0 0 0 0
"8305" 0 0 0 0 0 0 0 0 0 0 0 0
"8314" 0 0 0 0 0 0 0 0 0 0 0 0
"8315" 0 0 0 0 0 0 0 0 0 0 0 0
"8316" 0 0 0 0 0 0 0 0 0 0 0 0
"8317" 0 0 0 0 0 0 0 0 0 0 0 0
"8322" 0 0 0 0 0 0 0 0 0 0 0 0
"8327" 0 0 0 0 0 0 0 0 0 0 0 0
"8328" 0 0 0 0 0 0 0 0 0 0 0 0
"8331" 0 0 0 0 0 0 0 0 0 0 0 0
"8365" 0 0 0 0 0 0 0 0 0 0 0 0
"8367" 0 0 0 0 0 0 0 0 0 0 0 0
"8368" 0 0 0 0 0 0 0 0 0 0 0 0
"8379" 0 0 0 0 0 0 0 0 0 0 0 0
"8381" 0 0 0 0 0 0 0 0 0 0 0 0
"8384" 0 0 0 0 0 0 0 0 0 0 0 0
"8388" NA NA NA NA NA NA NA NA NA NA NA NA
"8420" 0 0 0 0 0 0 0 0 0 0 0 0
"8421" 0 0 0 0 0 0 0 0 0 0 0 0
"8422" NA NA NA NA NA NA NA NA NA NA NA NA
"8432" 0 0 0 0 0 0 0 0 0 0 0 0
"8434" 0 0 0 0 0 0 0 0 0 0 0 0
"8439" 0 0 0 0 0 0 0 0 0 0 0 0
"8464" 0 0 0 0 0 0 0 0 0 0 0 0
"8466" 0 0 0 0 0 0 0 0 0 0 0 0
"8472" 0 0 0 0 0 0 0 0 0 0 0 0
"8473" 0 0 0 0 0 0 0 0 0 0 0 0
"8474" 0 0 0 0 0 0 0 0 0 0 0 0
"8475" 0 0 0 0 0 0 0 0 0 0 0 0
"8484" 0 0 0 0 0 0 0 0 0 0 0 0
"8485" 0 0 0 0 0 0 0 0 0 0 0 0
"8487" 0 0 0 0 0 0 0 0 0 0 0 0
"8490" NA NA NA NA NA NA NA NA NA NA NA NA
"8518" 0 0 0 0 0 0 0 0 0 0 0 0
"8523" 0 0 0 0 0 0 0 0 0 0 0 0
"8525" 0 0 0 0 0 0 0 0 0 0 0 0
"8528" 0 0 0 0 0 0 0 0 0 0 0 0
"8529" NA NA NA NA NA NA NA NA NA NA NA NA
"8537" 0 0 0 0 0 0 0 0 0 0 0 0
"8538" NA NA NA NA NA NA NA NA NA NA NA NA
"8539" NA NA NA NA NA NA NA NA NA NA NA NA
"8569" 0 0 0 0 0 0 0 0 0 0 0 0
"8572" 0 0 0 0 0 0 0 0 0 0 0 0
"8576" 0 0 0 0 0 0 0 0 0 0 0 0
"8585" 0 0 0 0 0 0 0 0 0 0 0 0
"8586" 0 0 0 0 0 0 0 0 0 0 0 0
"8587" 0 0 0 0 0 0 0 0 0 0 0 0
"8588" 0 0 0 0 0 0 0 0 0 0 0 0
"8608" 0 0 0 0 0 0 0 0 0 0 0 0
"8618" 0 0 0 0 0 0 0 0 0 0 0 0
"8620" 0 0 0 0 0 0 0 0 0 0 0 0
"8622" 0 0 0 0 0 0 0 0 0 0 0 0
"8629" 0 0 0 0 0 0 0 0 0 0 0 0
"8630" 0 0 0 0 0 0 0 0 0 0 0 0
"8631" 0 0 0 0 0 0 0 0 0 0 0 0
"8632" NA NA NA NA NA NA NA NA NA NA NA NA
"8639" 0 0 0 0 0 0 0 0 0 0 0 0
"8662" 0 0 0 0 0 0 0 0 0 0 0 0
"8666" 0 0 0 0 0 0 0 0 0 0 0 0
"8676" 0 0 0 0 0 0 0 0 0 0 0 0
"8678" NA NA NA NA NA NA NA NA NA NA NA NA
"8684" 0 0 0 0 0 0 0 0 0 0 0 0
"8686" 0 0 0 0 0 0 0 0 0 0 0 0
"8701" 0 0 0 0 0 0 0 0 0 0 0 0
"8714" 0 0 0 0 0 0 0 0 0 0 0 0
"8727" NA NA NA NA NA NA NA NA NA NA NA NA
"8733" 0 0 0 0 0 0 0 0 0 0 0 0
"8735" 0 0 0 0 0 0 0 0 0 0 0 0
"8760" 0 0 0 0 0 0 0 0 0 0 0 0
"8761" 0 0 0 0 0 0 0 0 0 0 0 0
"8763" 0 0 0 0 0 0 0 0 0 0 0 0
"8766" 0 0 0 0 0 0 0 0 0 0 0 0
"8770" 0 0 0 0 0 0 0 0 0 0 0 0
"8782" 0 0 0 0 0 0 0 0 0 0 0 0
"8785" 0 0 0 0 0 0 0 0 0 0 0 0
"8799" 0 0 0 0 0 0 0 0 0 0 0 0
"8807" 0 0 0 0 0 0 0 0 0 0 0 0
"8808" 0 0 0 0 0 0 0 0 0 0 0 0
"8823" NA NA NA NA NA NA NA NA NA NA NA NA
"8831" 0 0 0 0 0 0 0 0 0 0 0 0
"8859" 0 0 0 0 0 0 0 0 0 0 0 0
"8860" 0 0 0 0 0 0 0 0 0 0 0 0
"8864" NA NA NA NA NA NA NA NA NA NA NA NA
"8869" 0 0 0 0 0 0 0 0 0 0 0 0
"8894" 0 0 0 0 0 0 0 0 0 0 0 0
"8904" 0 0 0 0 0 0 0 0 0 0 0 0
"8905" 0 0 0 0 0 0 0 0 0 0 0 0
"8910" NA NA NA NA NA NA NA NA NA NA NA NA
"8925" 0 0 0 0 0 0 0 0 0 0 0 0
"8926" 0 0 0 0 0 0 0 0 0 0 0 0
"8953" NA NA NA NA NA NA NA NA NA NA NA NA
"8958" NA NA NA NA NA NA NA NA NA NA NA NA
"8959" 0 0 0 0 0 0 0 0 0 0 0 0
"8963" 0 0 0 0 0 0 0 0 0 0 0 0
"8965" NA NA NA NA NA NA NA NA NA NA NA NA
"8966" NA NA NA NA NA NA NA NA NA NA NA NA
"8970" 0 0 0 0 0 0 0 0 0 0 0 0
"8971" 0 0 0 0 0 0 0 0 0 0 0 0
"8972" 0 0 0 0 0 0 0 0 0 0 0 0
"8995" 0 0 0 0 0 0 0 0 0 0 0 0
"8997" 0 0 0 0 0 0 0 0 0 0 0 0
"8998" 0 0 0 0 0 0 0 0 0 0 0 0
"8999" NA NA NA NA NA NA NA NA NA NA NA NA
"9003" 0 0 0 0 0 0 0 0 0 0 0 0
"9018" 0 0 0 0 0 0 0 0 0 0 0 0
"9019" 0 0 0 0 0 0 0 0 0 0 0 0
"9042" 0 0 0 0 0 0 0 0 0 0 0 0
"9043" 0 0 0 0 0 0 0 0 0 0 0 0
"9044" 0 0 0 0 0 0 0 0 0 0 0 0
"9045" NA NA NA NA NA NA NA NA NA NA NA NA
"9050" NA NA NA NA NA NA NA NA NA NA NA NA
"9060" NA NA NA NA NA NA NA NA NA NA NA NA
"9086" 0 0 0 0 0 0 0 0 0 0 0 0
"9089" 0 0 0 0 0 0 0 0 0 0 0 0
"9094" 0 0 0 0 0 0 0 0 0 0 0 0
"9167" 0 0 0 0 0 0 0 0 0 0 0 0
"9181" 0 0 0 0 0 0 0 0 0 0 0 0
"9222" NA NA NA NA NA NA NA NA NA NA NA NA
"9223" NA NA NA NA NA NA NA NA NA NA NA NA
"9224" NA NA NA NA NA NA NA NA NA NA NA NA
"9237" NA NA NA NA NA NA NA NA NA NA NA NA
"9241" NA NA NA NA NA NA NA NA NA NA NA NA
"9255" 0 0 0 0 0 0 0 0 0 0 0 0
"9260" NA NA NA NA NA NA NA NA NA NA NA NA
"9261" NA NA NA NA NA NA NA NA NA NA NA NA
"9262" NA NA NA NA NA NA NA NA NA NA NA NA
"9263" NA NA NA NA NA NA NA NA NA NA NA NA
"9264" NA NA NA NA NA NA NA NA NA NA NA NA
"9297" 0 0 0 0 0 0 0 0 0 0 0 0
"9326" NA NA NA NA NA NA NA NA NA NA NA NA
"9327" NA NA NA NA NA NA NA NA NA NA NA NA
"9367" 0 0 0 0 0 0 0 0 0 0 0 0
"9387" 0 0 0 0 0 0 0 0 0 0 0 0
"9390" 0 0 0 0 0 0 0 0 0 0 0 0
"9404" NA NA NA NA NA NA NA NA NA NA NA NA
"9405" 0 0 0 0 0 0 0 0 0 0 0 0
"9409" 0 0 0 0 0 0 0 0 0 0 0 0
"9422" 0 0 0 0 0 0 0 0 0 0 0 0
"9446" NA NA NA NA NA NA NA NA NA NA NA NA
"9447" 0 0 0 0 0 0 0 0 0 0 0 0
"9448" 0 0 0 0 0 0 0 0 0 0 0 0
"9462" 0 0 0 0 0 0 0 0 0 0 0 0
"9485" NA NA NA NA NA NA NA NA NA NA NA NA
"9486" 0 0 0 0 0 0 0 0 0 0 0 0
"9487" 0 0 0 0 0 0 0 0 0 0 0 0
"9488" NA NA NA NA NA NA NA NA NA NA NA NA
"9489" NA NA NA NA NA NA NA NA NA NA NA NA
"9490" NA NA NA NA NA NA NA NA NA NA NA NA
"9491" 0 0 0 0 0 0 0 0 0 0 0 0
"9503" 0 0 0 0 0 0 0 0 0 0 0 0
"9507" 0 0 0 0 0 0 0 0 0 0 0 0
"9528" 0 0 0 0 0 0 0 0 0 0 0 0
"9529" NA NA NA NA NA NA NA NA NA NA NA NA
"9542" 0 0 0 0 0 0 0 0 0 0 0 0
"9568" 0 0 0 0 0 0 0 0 0 0 0 0
"9569" 0 0 0 0 0 0 0 0 0 0 0 0
"9571" NA NA NA NA NA NA NA NA NA NA NA NA
"9607" 0 0 0 0 0 0 0 0 0 0 0 0
"9608" 0 0 0 0 0 0 0 0 0 0 0 0
"9627" 0 0 0 0 0 0 0 0 0 0 0 0
"9647" 0 0 0 0 0 0 0 0 0 0 0 0
"9648" 0 0 0 0 0 0 0 0 0 0 0 0
"9686" 0 0 0 0 0 0 0 0 0 0 0 0
"9689" NA NA NA NA NA NA NA NA NA NA NA NA
"9690" NA NA NA NA NA NA NA NA NA NA NA NA
"9691" NA NA NA NA NA NA NA NA NA NA NA NA
"9692" 0 0 0 0 0 0 0 0 0 0 0 0
"9721" NA NA NA NA NA NA NA NA NA NA NA NA
"9722" 0 0 0 0 0 0 0 0 0 0 0 0
"9758" 0 0 0 0 0 0 0 0 0 0 0 0
"9763" 0 0 0 0 0 0 0 0 0 0 0 0
"9787" 0 0 0 0 0 0 0 0 0 0 0 0
"9792" 0 0 0 0 0 0 0 0 0 0 0 0
"9793" NA NA NA NA NA NA NA NA NA NA NA NA
"9795" 0 0 0 0 0 0 0 0 1 0 0 0
"9808" 0 0 0 0 0 0 0 0 0 0 0 0
"9819" 0 0 0 0 0 0 0 0 0 0 0 0
"9820" 0 0 0 0 0 0 0 0 0 0 0 0
"9821" NA NA NA NA NA NA NA NA NA NA NA NA
"9847" 0 0 0 0 0 0 0 0 0 0 0 0
"9848" 0 0 0 0 0 0 0 0 0 0 0 0
"9850" 0 0 0 0 0 0 0 1 1 0 0 0
"9876" 0 0 0 0 0 0 0 0 0 0 0 0
"9877" 0 0 0 0 0 0 0 0 0 0 0 0
"9878" 0 0 0 0 0 0 0 0 0 0 0 0
"9884" 0 0 0 0 0 0 0 0 0 0 0 0
"9908" 0 0 0 0 0 0 0 0 0 0 0 0
"9913" 0 0 0 0 0 0 0 0 0 0 0 0
"9933" 0 0 0 0 0 0 0 0 0 0 0 0
"9934" 0 0 0 0 0 0 0 0 0 0 0 0
"9937" 0 0 0 0 0 0 0 0 0 0 0 0
"9938" 0 0 0 0 0 0 0 0 0 0 0 0
"9967" 0 0 0 0 0 0 0 0 0 0 0 0
"9999" 0 0 0 0 0 0 0 0 0 0 0 0
"10000" 0 0 0 0 0 0 0 0 0 0 0 0
"10026" 0 0 0 0 0 0 0 0 0 0 0 0
"10049" 0 0 0 0 0 0 0 0 0 0 0 0
"10074" NA NA NA NA NA NA NA NA NA NA NA NA
"10075" 0 0 0 0 0 0 0 0 0 0 0 0
"10098" NA NA NA NA NA NA NA NA NA NA NA NA
"10122" NA NA NA NA NA NA NA NA NA NA NA NA
"10123" 0 0 0 0 0 0 0 0 0 0 0 0
"10147" 0 0 0 0 0 0 0 0 0 0 0 0
"10170" NA NA NA NA NA NA NA NA NA NA NA NA
"10171" 0 0 0 0 0 0 0 0 0 0 0 0
"10173" 0 0 0 0 0 0 0 0 0 0 0 0
"10191" NA NA NA NA NA NA NA NA NA NA NA NA
"10193" NA NA NA NA NA NA NA NA NA NA NA NA
"10195" 0 0 0 0 0 0 0 0 0 0 0 0
"10229" 0 0 0 0 0 0 0 0 0 0 0 0
"10234" NA NA NA NA NA NA NA NA NA NA NA NA
"10236" 0 0 0 0 0 0 0 0 0 0 0 0
"10260" 0 0 0 0 0 0 0 0 0 0 0 0
"10280" 0 0 0 0 0 0 0 0 0 0 0 0
"10302" 0 0 0 0 0 0 0 0 0 0 0 0
"10305" 0 0 0 0 0 0 0 0 0 0 0 0
"10366" NA NA NA NA NA NA NA NA NA NA NA NA
"10367" NA NA NA NA NA NA NA NA NA NA NA NA
"10392" 0 0 0 0 0 0 0 0 0 0 0 0
"10412" 0 0 0 0 0 0 0 0 0 0 0 0
"10414" 0 0 0 0 0 0 0 0 0 0 0 0
"10433" NA NA NA NA NA NA NA NA NA NA NA NA
"10435" 0 0 0 0 0 0 0 0 0 0 0 0
"10457" 0 0 0 0 0 0 0 0 0 0 0 0
"10496" 0 0 0 0 0 0 0 0 0 0 0 0
"10511" 0 0 0 0 0 0 0 0 0 0 0 0
"10514" 0 0 0 0 0 0 0 0 0 0 0 0
"10532" 0 0 0 0 0 0 0 0 0 0 0 0
"10552" 0 0 0 0 0 0 0 0 0 0 0 0
"10570" 0 0 0 0 0 0 0 0 0 0 0 0
"10590" 0 0 0 0 0 0 0 0 0 0 0 0
"10604" NA NA NA NA NA NA NA NA NA NA NA NA
"10610" 0 0 0 0 0 0 0 0 0 0 0 0
"10626" 0 0 0 0 0 0 0 0 0 0 0 0
"10691" 0 0 0 0 0 0 0 0 0 0 0 0
"10708" 0 0 0 0 0 0 0 0 0 0 0 0
"10728" 0 0 0 0 0 0 0 0 0 0 0 0
"10743" 0 0 0 0 0 0 0 0 0 0 0 0
"10745" 0 0 0 0 0 0 0 0 0 0 0 0
"10762" 0 0 0 0 0 0 0 0 0 0 0 0
"10779" 0 0 0 0 0 0 0 0 0 0 0 0
"10795" 0 0 0 0 0 0 0 0 0 0 0 0
"10797" 0 0 0 0 0 0 0 0 0 0 0 0
"10817" 0 0 0 0 0 0 0 0 0 0 0 0
"10819" 0 0 0 0 0 0 0 0 0 0 0 0
"10838" 0 0 0 0 0 0 0 0 0 0 0 0
"10855" 0 0 0 0 0 0 0 0 0 0 0 0
"10856" 0 0 0 0 0 0 0 0 0 0 0 0
"10859" 0 0 0 0 0 0 0 0 0 0 0 0
"10877" 0 0 0 0 0 0 0 0 0 0 0 0
"10878" 0 0 0 0 0 0 0 0 0 0 0 0
"10880" 0 0 0 0 0 0 0 0 0 0 0 0
"10900" 0 0 0 0 0 0 0 0 0 0 0 0
"10901" 0 0 0 0 0 0 0 0 0 0 0 0
"10903" 0 0 0 0 0 0 0 0 0 0 0 0
"10924" 0 0 0 0 0 0 0 0 0 0 0 0
"10927" 0 0 0 0 0 0 0 0 0 0 0 0
"10946" 0 0 0 0 0 0 0 0 0 0 0 0
"10947" 0 0 0 0 0 0 0 0 0 0 0 0
"10949" 0 0 0 0 0 0 0 0 0 0 0 0
"10950" 0 0 0 0 0 0 0 0 0 0 0 0
"10951" 0 0 0 0 0 0 0 0 0 0 0 0
"10952" 0 0 0 0 0 0 0 0 0 0 0 0
"10971" 0 0 0 0 0 0 0 0 0 0 0 0
"10975" 0 0 0 0 0 0 0 0 0 0 0 0
"10998" 0 0 0 0 0 0 0 0 0 0 0 0
"11001" 0 0 0 0 0 0 0 0 0 0 0 0
"11002" 0 0 0 0 0 0 0 0 0 0 0 0
"11020" 0 0 0 0 0 0 0 0 0 0 0 0
"11021" 0 0 0 0 0 0 0 0 0 0 0 0
"11023" 0 0 0 0 0 0 0 0 0 0 0 0
"11024" 0 0 0 0 0 0 0 0 0 0 0 0
"11029" NA NA NA NA NA NA NA NA NA NA NA NA
"11033" 0 0 0 0 0 0 0 0 0 0 0 0
"11047" 0 0 0 0 0 0 0 0 0 0 0 0
"11048" 0 0 0 0 0 0 0 0 0 0 0 0
"11049" 0 0 0 0 0 0 0 0 0 0 0 0
"11051" 0 0 0 0 0 0 0 0 0 0 0 0
"11057" 0 0 0 0 0 0 0 0 0 0 0 0
"11060" 0 0 0 0 0 0 0 0 0 0 0 0
"11061" 0 0 0 0 0 0 0 0 0 0 0 0
"11075" 0 0 0 0 0 0 0 0 0 0 0 0
"11078" 0 0 0 0 0 0 0 0 0 0 0 0
"11090" 0 0 0 0 0 0 0 0 0 0 0 0
"11105" 0 0 0 0 0 0 0 0 0 0 0 0
"11110" NA NA NA NA NA NA NA NA NA NA NA NA
"11114" 0 0 0 0 0 0 0 0 0 0 0 0
"11115" 0 0 0 0 0 0 0 0 0 0 0 0
"11118" 0 0 0 0 0 0 0 0 0 0 0 0
"11120" 0 0 0 0 0 0 0 0 0 0 0 0
"11138" 0 0 0 0 0 0 0 0 0 0 0 0
"11144" 0 0 0 0 0 0 0 0 0 0 0 0
"11146" 0 0 0 0 0 0 0 0 0 0 0 0
"11149" 0 0 0 0 0 0 0 0 0 0 0 0
"11151" 0 0 0 0 0 0 0 0 0 0 0 0
"11169" 0 0 0 0 0 0 0 0 0 0 0 0
"11175" 0 0 0 0 0 0 0 0 0 0 0 0
"11181" 0 0 0 0 0 0 0 0 0 0 0 0
"11198" 0 0 0 0 0 0 0 0 0 0 0 0
"11211" 0 0 0 0 0 0 0 0 0 0 0 0
"11276" 0 0 0 0 0 0 0 0 0 0 0 0
"11277" 0 0 0 0 0 0 0 0 0 0 0 0
"11295" 0 0 0 0 0 0 0 0 0 0 0 0
"11301" 0 0 0 0 0 0 0 0 0 0 0 0
"11309" 0 0 0 0 0 0 0 0 0 0 0 0
"11327" 0 0 0 0 0 0 0 0 0 0 0 0
"11335" 0 0 0 0 0 0 0 0 0 0 0 0
"11346" 0 0 0 0 0 0 0 0 0 0 0 0
"11364" 0 0 0 0 0 0 0 0 0 0 0 0
"11379" 0 0 0 0 0 0 0 0 0 0 0 0
"11380" 0 0 0 0 0 0 0 0 0 0 0 0
"11401" 0 0 0 0 0 0 0 0 0 0 0 0
"11404" 0 0 0 0 0 0 0 0 0 0 0 0
"11415" 0 0 0 0 0 0 0 0 0 0 0 0
"11430" 0 0 0 0 0 0 0 0 0 0 0 0
"11450" 0 0 0 0 0 0 0 0 0 0 0 0
"11472" 0 0 0 0 0 0 0 0 0 0 0 0
"11473" 0 0 0 0 0 0 0 0 0 0 0 0
"11512" NA NA NA NA NA NA NA NA NA NA NA NA
"11548" NA NA NA NA NA NA NA NA NA NA NA NA
"11549" NA NA NA NA NA NA NA NA NA NA NA NA
"11582" 0 0 0 0 0 0 0 0 0 0 0 0
"11589" NA NA NA NA NA NA NA NA NA NA NA NA
"11640" 0 0 0 0 0 0 0 0 0 0 0 0
"11718" 0 0 0 0 0 0 0 0 0 0 0 0
"11893" 0 0 0 0 0 0 0 0 0 0 0 0
"12086" 0 0 0 0 0 0 0 0 0 0 0 0
"12129" 0 0 0 0 0 0 0 0 0 0 0 0
"12422" 0 0 0 0 0 0 0 0 0 0 0 0
"12827" 0 0 0 0 0 0 0 0 0 0 0 0
"13682" 0 0 0 0 0 0 0 0 0 0 0 0
"13729" 0 0 0 0 0 0 0 0 0 0 0 0
"13958" 0 0 0 0 0 0 0 0 0 0 0 0
"13995" 0 0 0 0 0 0 0 0 0 0 0 0
"14153" 0 0 0 0 0 0 0 0 0 0 0 0
"14193" 0 0 0 0 0 0 0 0 0 0 0 0
"14240" 0 0 0 0 0 0 0 0 0 0 0 0
"14241" 0 0 0 0 0 0 0 0 0 0 0 0
"14287" 0 0 0 0 0 0 0 0 0 0 0 0
"14299" 0 0 0 0 0 0 0 0 0 0 0 0
"14788" 0 0 0 0 0 0 0 0 0 0 0 0
"14842" 0 0 0 0 0 0 0 0 0 0 0 0
"15182" 0 0 0 0 0 0 0 0 0 0 0 0
"15283" 0 0 0 0 0 0 0 0 0 0 0 0
"15331" 0 0 0 0 0 0 0 0 0 0 0 0
"15543" 0 0 0 0 0 0 0 0 0 0 0 0
"15567" 0 0 0 0 0 0 0 0 0 0 0 0
"15595" 0 0 0 0 0 0 0 0 0 0 0 0
"15650" 0 0 0 0 0 0 0 0 0 0 0 0
"15656" 0 0 0 0 0 0 0 0 0 0 0 0
"15707" 0 0 0 0 0 0 0 0 0 0 0 0
"15713" 0 0 0 0 0 0 0 0 0 0 0 0
"15714" 0 0 0 0 0 0 0 0 0 0 0 0
"15715" 0 0 0 0 0 0 0 0 0 0 0 0
"15762" 0 0 0 0 0 0 0 0 0 0 0 0
"15765" 0 0 0 0 0 0 0 0 0 0 0 0
"15766" 0 0 0 0 0 0 0 0 0 0 0 0
"15816" 0 0 0 0 0 0 0 0 0 0 0 0
"15817" NA NA NA NA NA NA NA NA NA NA NA NA
"15820" 0 0 0 0 0 0 0 0 0 0 0 0
"15822" 0 0 0 0 0 0 0 0 0 0 0 0
"15870" 0 0 0 0 0 0 0 0 0 0 0 0
"15871" 0 0 0 0 0 0 0 0 0 0 0 0
"15873" 0 0 0 0 0 0 0 0 0 0 0 0
"15921" 0 0 0 0 0 0 0 0 0 0 0 0
"15922" 0 0 0 0 0 0 0 0 0 0 0 0
"15975" 0 0 0 0 0 0 0 0 0 0 0 0
"16025" 0 0 0 0 0 0 0 0 0 0 0 0
"16026" 0 0 0 0 0 0 0 0 0 0 0 0
"16027" 0 0 0 0 0 0 0 0 0 0 0 0
"16030" NA NA NA NA NA NA NA NA NA NA NA NA
"16031" 0 0 0 0 0 0 0 0 0 0 0 0
"16033" 0 0 0 0 0 0 0 0 0 0 0 0
"16035" 0 0 0 0 0 0 0 0 0 0 0 0
"16036" 0 0 0 0 0 0 0 0 0 0 0 0
"16081" 0 0 0 0 0 0 0 0 0 0 0 0
"16082" 0 0 0 0 0 0 0 0 0 0 0 0
"16083" 0 0 0 0 0 0 0 0 0 0 0 0
"16084" 0 0 0 0 0 0 0 0 0 0 0 0
"16085" 0 0 0 0 0 0 0 0 0 0 0 0
"16088" 0 0 0 0 0 0 0 0 0 0 0 0
"16089" 0 0 0 0 0 0 0 0 0 0 0 0
"16090" NA NA NA NA NA NA NA NA NA NA NA NA
"16140" 0 0 0 0 0 0 0 0 0 0 0 0
"16141" 0 0 0 0 0 0 0 0 0 0 0 0
"16142" 0 0 0 0 0 0 0 0 0 0 0 0
"16145" 0 0 0 0 0 0 0 0 0 0 0 0
"16146" 0 0 0 0 0 0 0 0 0 0 0 0
"16147" 0 0 0 0 0 0 0 0 0 0 0 0
"16148" 0 0 0 0 0 0 0 0 0 0 0 0
"16149" NA NA NA NA NA NA NA NA NA NA NA NA
"16154" 0 0 0 0 0 0 0 0 0 0 0 0
"16155" 0 0 0 0 0 0 0 0 0 0 0 0
"16156" 0 0 0 0 0 0 0 0 0 0 0 0
"16197" 0 0 0 0 0 0 0 0 0 0 0 0
"16198" 0 0 0 0 0 0 0 0 0 0 0 0
"16204" 0 0 0 0 0 0 0 0 0 0 0 0
"16205" 0 0 0 0 0 0 0 0 0 0 0 0
"16206" NA NA NA NA NA NA NA NA NA NA NA NA
"16208" 0 0 0 0 0 0 0 0 0 0 0 0
"16212" 0 0 0 0 0 0 0 0 0 0 0 0
"16213" 0 0 0 0 0 0 0 0 0 0 0 0
"16214" 0 0 0 0 0 0 0 0 0 0 0 0
"16259" 0 0 0 0 0 0 0 0 0 0 0 0
"16266" 0 0 0 0 0 0 0 0 0 0 0 0
"16267" 0 0 0 0 0 0 0 0 0 0 0 0
"16268" NA NA NA NA NA NA NA NA NA NA NA NA
"16270" NA NA NA NA NA NA NA NA NA NA NA NA
"16274" 0 0 0 0 0 0 0 0 0 0 0 0
"16275" 0 0 0 0 0 0 0 0 0 0 0 0
"16276" 0 0 0 0 0 0 0 0 0 0 0 0
"16277" NA NA NA NA NA NA NA NA NA NA NA NA
"16324" 0 0 0 0 0 0 0 0 0 0 0 0
"16325" 0 0 0 0 0 0 0 0 0 0 0 0
"16328" 0 0 0 0 0 0 0 0 0 0 0 0
"16332" 0 0 0 0 0 0 0 0 0 0 0 0
"16333" 0 0 0 0 0 0 0 0 0 0 0 0
"16334" 0 0 0 0 0 0 0 0 0 0 0 0
"16336" 0 0 0 0 0 0 0 0 0 0 0 0
"16388" NA NA NA NA NA NA NA NA NA NA NA NA
"16391" 0 0 0 0 0 0 0 0 0 0 0 0
"16393" 0 0 0 0 0 0 0 0 0 0 0 0
"16394" 0 0 0 0 0 0 0 0 0 0 0 0
"16454" 0 0 0 0 0 0 0 0 0 0 0 0
"16461" 0 0 0 0 0 0 0 0 0 0 0 0
"16511" 0 0 0 0 0 0 0 0 0 0 0 0
"16520" 0 0 0 0 0 0 0 0 0 0 0 0
"16577" 0 0 0 0 0 0 0 0 0 0 0 0
"16578" 0 0 0 0 0 0 0 0 0 0 0 0
"16635" 0 0 0 0 0 0 0 0 0 0 0 0
"16675" NA NA NA NA NA NA NA NA NA NA NA NA
"16694" 0 0 0 0 0 0 0 0 0 0 0 0
"16751" 0 0 0 0 0 0 0 0 0 0 0 0
"16864" 0 0 0 0 0 0 0 0 0 0 0 0
"16865" 0 0 0 0 0 0 0 0 0 0 0 0
"16960" NA NA NA NA NA NA NA NA NA NA NA NA
"16981" 0 0 0 0 0 0 0 0 0 0 0 0
"17137" NA NA NA NA NA NA NA NA NA NA NA NA
"17195" NA NA NA NA NA NA NA NA NA NA NA NA
"17197" NA NA NA NA NA NA NA NA NA NA NA NA
"17254" NA NA NA NA NA NA NA NA NA NA NA NA
"17367" NA NA NA NA NA NA NA NA NA NA NA NA
"17378" 0 0 0 0 0 0 0 0 0 0 0 0
"17479" NA NA NA NA NA NA NA NA NA NA NA NA
"17594" NA NA NA NA NA NA NA NA NA NA NA NA
"17597" NA NA NA NA NA NA NA NA NA NA NA NA
"17651" 0 0 0 0 0 0 0 0 0 0 0 0
"17656" NA NA NA NA NA NA NA NA NA NA NA NA
"17715" 0 0 0 0 0 0 0 0 0 0 0 0
"17718" 0 0 0 0 0 0 0 0 0 0 0 0
"17731" 0 0 0 0 0 0 0 0 0 0 0 0
"17783" 0 0 0 0 0 0 0 0 0 0 0 0
"17787" NA NA NA NA NA NA NA NA NA NA NA NA
"17794" 0 0 0 0 0 0 0 0 0 0 0 0
"17796" 0 0 0 0 0 0 0 0 0 0 0 0
"17840" 0 0 0 0 0 0 0 0 0 0 0 0
"17841" 0 0 0 0 0 0 0 0 0 0 0 0
"17846" 0 0 0 0 0 0 0 0 0 0 0 0
"17848" NA NA NA NA NA NA NA NA NA NA NA NA
"17849" 0 0 0 0 0 0 0 0 0 0 0 0
"17861" 0 0 0 0 0 0 0 0 0 0 0 0
"17862" 0 0 0 0 0 0 0 0 0 0 0 0
"17914" 0 0 0 0 0 0 0 0 0 0 0 0
"17915" 0 0 0 0 0 0 0 0 0 0 0 0
"17918" 0 0 0 0 0 0 0 0 0 0 0 0
"17931" 0 0 0 0 0 0 0 0 0 0 0 0
"17974" 0 0 0 0 0 0 0 0 0 0 0 0
"17980" 0 0 0 0 0 0 0 0 0 0 0 0
"17983" 0 0 0 0 0 0 0 0 0 0 0 0
"17984" NA NA NA NA NA NA NA NA NA NA NA NA
"17997" 0 0 0 0 0 0 0 0 0 0 0 0
"18037" 0 0 0 0 0 0 0 0 0 0 0 0
"18038" 0 0 0 0 0 0 0 0 0 0 0 0
"18043" NA NA NA NA NA NA NA NA NA NA NA NA
"18044" 0 0 0 0 0 0 0 0 0 0 0 0
"18047" 0 0 0 0 0 0 0 0 0 0 0 0
"18055" 0 0 0 0 0 0 0 0 0 0 0 0
"18102" 0 0 0 0 0 0 0 0 0 0 0 0
"18104" 0 0 0 0 0 0 0 0 0 0 0 0
"18113" 0 0 0 0 0 0 0 0 0 0 0 0
"18118" 0 0 0 0 0 0 0 0 0 0 0 0
"18119" 0 0 0 0 0 0 0 0 0 0 0 0
"18166" 0 0 0 0 0 0 0 0 0 0 0 0
"18167" 0 0 0 0 0 0 0 0 0 0 0 0
"18183" 0 0 0 0 0 0 0 0 0 0 0 0
"18186" 0 0 0 0 0 0 0 0 0 0 0 0
"18231" 0 0 0 0 0 0 0 0 0 0 0 0
"18242" 0 0 0 0 0 0 0 0 0 0 0 0
"18294" 0 0 0 0 0 0 0 0 0 0 0 0
"18295" 0 0 0 0 0 0 0 0 0 0 0 0
"18298" 0 0 0 0 0 0 0 0 0 0 0 0
"18299" 0 0 0 0 0 0 0 0 0 0 0 0
"18302" 0 0 0 0 0 0 0 0 0 0 0 0
"18303" NA NA NA NA NA NA NA NA NA NA NA NA
"18310" 0 0 0 0 0 0 0 0 0 0 0 0
"18358" 0 0 0 0 0 0 0 0 0 0 0 0
"18363" 0 0 0 0 0 0 0 0 0 0 0 0
"18366" 0 0 0 0 0 0 0 0 0 0 0 0
"18422" 0 0 0 0 0 0 0 0 0 0 0 0
"18427" 0 0 0 0 0 0 0 0 0 0 0 0
"18428" 0 0 0 0 0 0 0 0 0 0 0 0
"18491" 0 0 0 0 0 0 0 0 0 0 0 0
"18492" 0 0 0 0 0 0 0 0 0 0 0 0
"18493" 0 0 0 0 0 0 0 0 0 0 0 0
"18495" 0 0 0 0 0 0 0 0 0 0 0 0
"18496" 0 0 0 0 0 0 0 0 0 0 0 0
"18506" 0 0 0 0 0 0 0 0 0 0 0 0
"18549" 0 0 0 0 0 0 0 0 0 0 0 0
"18554" 0 0 0 0 0 0 0 0 0 0 0 0
"18555" 0 0 0 0 0 0 0 0 0 0 0 0
"18557" 0 0 0 0 0 0 0 0 0 0 0 0
"18558" 0 0 0 0 0 0 0 0 0 0 0 0
"18614" 0 0 0 0 0 0 0 0 0 0 0 0
"18619" 0 0 0 0 0 0 0 0 0 0 0 0
"18620" 0 0 0 0 0 0 0 0 0 0 0 0
"18623" 0 0 0 0 0 0 0 0 0 0 0 0
"18624" 0 0 0 0 0 0 0 0 0 0 0 0
"18626" 0 0 0 0 0 0 0 0 0 0 0 0
"18678" 0 0 0 0 0 0 0 0 0 0 0 0
"18679" 0 0 0 0 0 0 0 0 0 0 0 0
"18680" 0 0 0 0 0 0 0 0 0 0 0 0
"18682" 0 0 0 0 0 0 0 0 0 0 0 0
"18683" 0 0 0 0 0 0 0 0 0 0 0 0
"18684" 0 0 0 0 0 0 0 0 0 0 0 0
"18687" 0 0 0 0 0 0 0 0 0 0 0 0
"18743" 0 0 0 0 0 0 0 0 0 0 0 0
"18744" 0 0 0 0 0 0 0 0 0 0 0 0
"18745" 0 0 0 0 0 0 0 0 0 0 0 0
"18748" 0 0 0 0 0 0 0 0 0 0 0 0
"18803" 0 0 0 0 0 0 0 0 0 0 0 0
"18804" 0 0 0 0 0 0 0 0 0 0 0 0
"18806" 0 0 0 0 0 0 0 0 0 0 0 0
"18809" 0 0 0 0 0 0 0 0 0 0 0 0
"18810" 0 0 0 0 0 0 0 0 0 0 0 0
"18814" 0 0 0 0 0 0 0 0 0 0 0 0
"18869" 0 0 0 0 0 0 0 0 0 0 0 0
"18871" 0 0 0 0 0 0 0 0 0 0 0 0
"18872" 0 0 0 0 0 0 0 0 0 0 0 0
"18876" 0 0 0 0 0 0 0 0 0 0 0 0
"18927" 0 0 0 0 0 0 0 0 0 0 0 0
"18928" 0 0 0 0 0 0 0 0 0 0 0 0
"18930" 0 0 0 0 0 0 0 0 0 0 0 0
"18931" 0 0 0 0 0 0 0 0 0 0 0 0
"18932" 0 0 0 0 0 0 0 0 0 0 0 0
"18941" 0 0 0 0 0 0 0 0 0 0 0 0
"18988" 0 0 0 0 0 0 0 0 0 0 0 0
"18990" 0 0 0 0 0 0 0 0 0 0 0 0
"18992" 0 0 0 0 0 0 0 0 0 0 0 0
"18993" 0 0 0 0 0 0 0 0 0 0 0 0
"18994" 0 0 0 0 0 0 0 0 0 0 0 0
"19051" 0 0 0 0 0 0 0 0 0 0 0 0
"19052" 0 0 0 0 0 0 0 0 0 0 0 0
"19054" 0 0 0 0 0 0 0 0 0 0 0 0
"19060" 0 0 0 0 0 0 0 0 0 0 0 0
"19064" 0 0 0 0 0 0 0 0 0 0 0 0
"19111" 0 0 0 0 0 0 0 0 0 0 0 0
"19112" 0 0 0 0 0 0 0 0 0 0 0 0
"19113" 0 0 0 0 0 0 0 0 0 0 0 0
"19114" 0 0 0 0 0 0 0 0 0 0 0 0
"19115" 0 0 0 0 0 0 0 0 0 0 0 0
"19167" 0 0 0 0 0 0 0 0 0 0 0 0
"19168" 0 0 0 0 0 0 0 0 0 0 0 0
"19169" 0 0 0 0 0 0 0 0 0 0 0 0
"19170" 0 0 0 0 0 0 0 0 0 0 0 0
"19172" 0 0 0 0 0 0 0 0 0 0 0 0
"19183" 0 0 0 0 0 0 0 0 0 0 0 0
"19223" 0 0 0 0 0 0 0 0 0 0 0 0
"19224" 0 0 0 0 0 0 0 0 0 0 0 0
"19225" 0 0 0 0 0 0 0 0 0 0 0 0
"19239" 0 0 0 0 0 0 0 0 0 0 0 0
"19280" 0 0 0 0 0 0 0 0 0 0 0 0
"19281" 0 0 0 0 0 0 0 0 0 0 0 0
"19282" 0 0 0 0 0 0 0 0 0 0 0 0
"19295" 0 0 0 0 0 0 0 0 0 0 0 0
"19296" NA NA NA NA NA NA NA NA NA NA NA NA
"19297" 0 0 0 0 0 0 0 0 0 0 0 0
"19335" 0 0 0 0 0 0 0 0 0 0 0 0
"19336" 0 0 0 0 0 0 0 0 0 0 0 0
"19337" 0 0 0 0 0 0 0 0 0 0 0 0
"19350" NA NA NA NA NA NA NA NA NA NA NA NA
"19351" 0 0 0 0 0 0 0 0 0 0 0 0
"19352" 0 0 0 0 0 0 0 0 0 0 0 0
"19388" 0 0 0 0 0 0 0 0 0 0 0 0
"19389" 0 0 0 0 0 0 0 0 0 0 0 0
"19390" 0 0 0 0 0 0 0 0 0 0 0 0
"19391" 0 0 0 0 0 0 0 0 0 0 0 0
"19403" 0 0 0 0 0 0 0 0 0 0 0 0
"19404" 0 0 0 0 0 0 0 0 0 0 0 0
"19405" 0 0 0 0 0 0 0 0 0 0 0 0
"19440" 0 0 0 0 0 0 0 0 0 0 0 0
"19441" 0 0 0 0 0 0 0 0 0 0 0 0
"19442" 0 0 0 0 0 0 0 0 0 0 0 0
"19495" 0 0 0 0 0 0 0 0 0 0 0 0
"19496" 0 0 0 0 0 0 0 0 0 0 0 0
"19497" 0 0 0 0 0 0 0 0 0 0 0 0
"19511" 0 0 0 0 0 0 0 0 0 0 0 0
"19549" 0 0 0 0 0 0 0 0 0 0 0 0
"19551" 0 0 0 0 0 0 0 0 0 0 0 0
"19552" 0 0 0 0 0 0 0 0 0 0 0 0
"19567" 0 0 0 0 0 0 0 0 0 0 0 0
"19604" 0 0 0 0 0 0 0 0 0 0 0 0
"19607" 0 0 0 0 0 0 0 0 0 0 0 0
"19610" 0 0 0 0 0 0 0 0 0 0 0 0
"19620" 0 0 0 0 0 0 0 0 0 0 0 0
"19661" 0 0 0 0 0 0 0 0 0 0 0 0
"19717" 0 0 0 0 0 0 0 0 0 0 0 0
"20231" 0 0 0 0 0 0 0 0 0 0 0 0
